-0.177267356932035
0.572847981962462
0.816000599944659
-0.0184021376933440
1.10201008108002
0.220620891101402
0.0425631954759707
0.0662347462792805
-0.965175968217278
-0.260059375289250
0.562077791193836
0.690227113499956
0.123216169672953
-0.747174241914493
0.928417777659361
0.0614974119626306
0.101836958264104
1.06747100007181
0.681887394955759
1.75429425369159
0.276526727708148
0.326793376390362
0.739913719143979
0.0182122096719731
1.64047200801458
0.284774016240104
0.790289426459280
1.03486678950300
0.315798551582504
0.759073552956258
1.21371260920778
0.543589910325678
0.0274140785805130
0.645174744830860
0.192963104090264
0.402660836836872
0.566088466432046
0.773702385885873
-0.261468948326784
-0.538309221798195
0.442206426595642
0.895870781183486
0.522267181719662
0.257599328154741
-0.256234935083263
1.11230769956122
0.341343789311471
0.236898219164914
1.08388147908135
0.865933229343030
0.827110913349567
0.787991898266005
0.227259234120701
1.22604924183907
0.370865439152025
1.62361865142365
0.223712928281791
0.939389147253661
1.20589379810197
0.564945417827550
1.51224426826939
1.14784464574665
0.563722400266137
0.337993833221015
0.00958632342434713
0.396981282760467
0.397278545508153
0.296081819091419
-0.680498880129116
-0.901221972488353
-0.203758743344664
0.803084409569238
0.368867068660167
0.0662321838500712
-0.606173607652000
1.57643030946091
0.175345411037022
-0.0440994248595406
0.787618864615556
0.0710223500622196
0.641410879709991
0.0539778631478327
-0.464865707056631
1.17113315797079
-0.166940761573236
1.96364615562263
0.262471177945227
0.645431495361469
0.433435141977461
0.275180483321473
0.827008531251362
1.01828991885510
0.208509916825098
-0.668510988038855
-0.0398350960979720
-0.00724785016834770
-0.470289544147201
-1.51248353819901
-1.33508886553826
-0.571789545771007
0.372574379822815
0.0737067342501700
-0.591380017628082
-1.32997716614455
0.647470653064717
0.115091283841291
-0.319170882616383
0.659680193621152
0.0332309558442536
0.304387588536657
-0.189370009083701
-0.423211629190151
0.564568555875022
-0.292190415095661
1.40212586911320
-0.345231426538607
0.462425623192305
0.624132777389117
0.00447619552826612
0.857921381594871
0.634012855758565
-0.277159872112493
0.595715485082023
0.363422339530876
-0.375411384682437
-0.462879775257096
-1.09053338006327
0.237118944777525
0.778738041006129
0.603500777477578
-0.467005426566244
-0.524345854032270
0.987404611354429
0.360637318989644
0.256587987714784
1.20916857486576
0.366020353668337
0.995254098370643
0.176274085633711
-0.126232886322972
1.04611173320297
-0.190548309229832
1.47767204296158
0.185808007023914
1.09047736007926
0.849850839546736
0.212181315613415
1.17536443528039
0.896925473849794
0.211731282521718
-0.0652277303756203
-0.591176731239353
-1.02711061176867
-1.10015760414612
-0.524638655567248
0.288223434497214
0.230438664219760
-0.611394892054118
-1.04086780578007
0.936149497181792
-0.178299595397993
-0.174206368909523
0.643087866488121
0.313298274200815
0.856767968475613
-0.0492807976737520
-0.776809270398969
0.331235891119608
-0.471187455705627
1.28800918419074
0.100733080841323
0.359419011995634
0.532443283343457
-0.0506832411621937
0.660167842378227
0.652301027619765
-0.0839917780493635
-0.243199021720349
-0.825470594442037
-0.746676863879188
-0.354492176026248
0.460052581040905
0.0165532086733934
-0.276704301020788
-0.616686906009311
0.899816172503741
0.0966773735645328
-0.664954355377685
1.42709510164734
0.252416402136108
0.346746098087993
0.561079954926321
-0.245887329800406
0.766264640695564
-0.195293874074141
0.825115187406135
-0.118689269980652
0.448929509246628
0.398714710278801
-0.168330908058105
1.28922966447421
0.619801795046149
0.115421460863634
-0.619575658734951
-0.837751711138601
-0.0559880460291292
0.631740163766801
0.768810532882701
-0.199785236288121
-0.739792991119122
0.933466412385701
0.592672190748574
0.181068851967576
1.12395401631381
0.738345074881878
0.772763472939216
0.402178650829730
-0.119173680031205
0.836785709877180
0.139533184733451
0.823593471654370
0.221849118758917
0.857739299142991
1.49953243014461
0.320713615337787
1.13537230601726
1.38177575782679
0.865000500009975
-0.0891539629679113
0.880529209667226
1.20294671930121
1.27309122741759
0.314951609937488
0.730746858770418
1.27938716258926
0.508860119991744
0.780886268473540
1.61147487404466
0.761772097959781
1.13542152434365
0.838988370027784
0.523358526519437
1.15191026527505
0.710341208068744
1.99668553555094
1.22523054418776
1.18298327383307
1.61419474671251
0.794964380551845
1.73943242657148
1.04945643814167
1.36674976601240
1.11294074831917
0.903729176767458
1.30346881742602
1.26874399061437
0.137111713727264
1.57718941370841
1.11947342959942
0.114908050470143
1.39400554217841
1.70194234159734
1.13354452804670
0.876844913062590
0.631089222502796
1.76538153362009
0.960217757877503
1.78437938768899
1.13407102311154
1.61369368260771
1.85299727588188
0.894702479384891
1.56767299737840
1.45052254544410
1.29852502023275
0.712402562355497
0.428271077507796
0.573765088106332
-0.817514343858627
0.802467074419926
0.167601917999676
0.0114708821937466
1.46545058366914
0.596426544667121
0.888409593917904
0.170980499648247
-0.0424195005356787
0.716261075796537
-0.00126229084050548
1.11905824699089
-0.143529431042929
1.40634662295338
1.59911679894955
0.475898202534888
1.56672213548107
0.983329682151468
0.417423666384686
-0.221682285263995
-0.753875423772631
-1.03224966513823
0.202563632964066
-0.305944996329271
-0.655167215789414
0.750883466643646
-0.229151938434010
-0.0960109104325845
-0.288182690268469
-0.770424665732498
0.172270842386393
-0.823387139546118
0.663300844797935
-0.728680652567513
-0.0209449928952317
0.0913483777308858
-0.447325830941917
0.691370612953786
0.353823799203651
-0.439923469067751
-0.606082121941912
-1.29892625035485
0.766029184114848
-0.236211912281137
-0.235572246822130
0.513986818128638
-0.299884612430000
0.459091968056709
-0.147870568681535
-0.572349301836558
0.294546445941134
-0.322288438849109
0.585511647971707
-0.726207459880888
0.494736632032627
0.452991375449629
-0.157083926567331
0.398161621395847
0.733034537830996
-0.407257488803314
-0.869565449055964
1.01378708447224
0.207870409413577
-0.123581302046728
0.947961782716322
1.23026577689286
1.56030501155879
0.00408027209855663
0.231930709331896
0.932342252213485
0.228031788669810
1.32482096041791
0.510335774593533
1.03136111653933
0.886652414963224
0.488603981148783
0.825925272042229
0.999257706522216
0.335280469319860
1.19282840094019
0.871739158585076
0.291668091283676
1.15534912449946
1.75805868682405
1.23375085554688
0.826452491224808
0.184877162890967
1.42881066570414
0.811563866139840
1.55603037020803
1.21251088235694
1.34872578635982
1.56021905650457
1.09234206008628
1.43770380527769
1.12210695624628
1.01637633578258
-0.946096740516402
-1.09311772319540
0.0278614608907562
-0.506084353902339
-0.267878737753006
-0.801478014386288
-1.07230776140170
-0.348876580901988
-0.741367197971920
0.120092871350411
-0.889211195255669
-0.0810629720963249
-0.911586896277579
-0.803582389776357
0.0611442206558799
-0.146863264875663
-0.769706240505076
-0.316219849403670
0.778197278305735
0.196344440620827
0.550308305216189
-0.0484302161487388
-0.593229248441027
0.334963639500869
-0.430976582520427
0.790382878355406
0.0646104924132957
0.528131206564335
0.500811283968308
0.108570828160989
0.758195619212211
0.941681684421152
0.0959628501325471
1.37151746665954
0.321938219398014
0.639227400394809
-0.186105450960638
-0.167586235610597
1.00673484213615
-0.00624581058300362
0.954953306279084
0.0100865285248651
0.885893349877803
0.857014271598794
0.170876292691375
1.54454388121256
1.01443292250566
0.194661106583194
-0.756303506818010
-0.522713160229127
-0.750412259818016
-1.37097117452690
-0.433466186928974
-0.988714957685337
0.144382859131684
-0.858238254728033
-0.328508594001269
-0.546403093003320
-0.930490422667453
-0.184361715177355
0.0430185636449333
-0.816652561180051
0.423402079148203
-0.204309329961573
-0.932959168244132
0.797680499019782
-0.424166157016021
0.696360127590879
-0.976746643735114
0.437080659065130
0.286732122187608
0.0402498411205612
0.615523028024088
0.915411083148521
0.128775599143599
-0.354780030818821
-1.16433089627123
-0.0825241028274354
-1.15784337668675
0.763393032003450
-0.772420382826902
0.126356317618821
-0.209064623190835
-0.895743360313465
0.218989287973797
0.371096879823101
-0.386157705692969
-0.435911441395843
1.10990317708118
-0.442174777074103
1.26813603740982
-0.00571099763745563
0.565062791970961
0.562795388631260
0.167513032965852
1.41935933137450
1.09504415005721
0.318022763592931
0.891893646642413
0.540825689909734
1.96142139307622
0.572353618966630
0.874510870665183
1.03089411162879
0.993525400317708
1.53100783389883
1.15019478691884
0.774616977978142
-1.04846573945854
0.830492124391314
-0.563742316475170
0.0115429970493589
0.135235002164818
-0.414647794939830
0.913545496084550
0.385154249212096
-0.435269269737026
1.68266048918782
0.271095039654317
0.768662846856195
0.955923833711002
0.349357842411453
1.16391010041843
0.862224247992175
0.238876308729739
-1.06047966913215
-0.602679639662059
-0.192646014346204
-0.803265555678024
-0.331629097803803
0.0886909921839986
-0.680538909107230
0.586183008087545
0.672013729660350
0.255806300502071
0.953471398645660
1.04792923833924
0.300596923246459
-0.191488880913320
-0.591854845780570
0.263226579876654
0.162028163720933
-0.646903008154314
-0.512332311679085
0.498010430990064
0.688251189819295
-0.884165746443083
0.601247295512417
0.919770529940122
-0.0498803858319689
-0.0201734083856242
-0.711665558537796
-0.867724809486600
